(kicad_pcb (version 20171130) (host pcbnew 5.1.4)

  (general
    (thickness 1.6)
    (drawings 64)
    (tracks 463)
    (zones 0)
    (modules 41)
    (nets 52)
  )

  (page A4)
  (layers
    (0 F.Cu signal)
    (31 B.Cu signal)
    (32 B.Adhes user)
    (33 F.Adhes user)
    (34 B.Paste user)
    (35 F.Paste user)
    (36 B.SilkS user)
    (37 F.SilkS user)
    (38 B.Mask user)
    (39 F.Mask user)
    (40 Dwgs.User user)
    (41 Cmts.User user)
    (42 Eco1.User user)
    (43 Eco2.User user)
    (44 Edge.Cuts user)
    (45 Margin user)
    (46 B.CrtYd user)
    (47 F.CrtYd user)
    (48 B.Fab user)
    (49 F.Fab user)
  )

  (setup
    (last_trace_width 0.25)
    (trace_clearance 0.2)
    (zone_clearance 0.508)
    (zone_45_only no)
    (trace_min 0.2)
    (via_size 0.6)
    (via_drill 0.3)
    (via_min_size 0.4)
    (via_min_drill 0.3)
    (uvia_size 0.3)
    (uvia_drill 0.1)
    (uvias_allowed no)
    (uvia_min_size 0.2)
    (uvia_min_drill 0.1)
    (edge_width 0.15)
    (segment_width 0.2)
    (pcb_text_width 0.3)
    (pcb_text_size 1.5 1.5)
    (mod_edge_width 0.15)
    (mod_text_size 1 1)
    (mod_text_width 0.15)
    (pad_size 1.524 1.524)
    (pad_drill 0.762)
    (pad_to_mask_clearance 0.051)
    (solder_mask_min_width 0.25)
    (aux_axis_origin 0 0)
    (visible_elements FFFFFF7F)
    (pcbplotparams
      (layerselection 0x010fc_ffffffff)
      (usegerberextensions false)
      (usegerberattributes false)
      (usegerberadvancedattributes false)
      (creategerberjobfile false)
      (excludeedgelayer true)
      (linewidth 0.100000)
      (plotframeref false)
      (viasonmask false)
      (mode 1)
      (useauxorigin false)
      (hpglpennumber 1)
      (hpglpenspeed 20)
      (hpglpendiameter 15.000000)
      (psnegative false)
      (psa4output false)
      (plotreference true)
      (plotvalue true)
      (plotinvisibletext false)
      (padsonsilk false)
      (subtractmaskfromsilk false)
      (outputformat 1)
      (mirror false)
      (drillshape 0)
      (scaleselection 1)
      (outputdirectory "stm32XxxxCxT_v3.1"))
  )

  (net 0 "")
  (net 1 VBAT)
  (net 2 PC13)
  (net 3 PC14)
  (net 4 PC15)
  (net 5 nSRST)
  (net 6 VDD)
  (net 7 PA11)
  (net 8 PA12)
  (net 9 PA13)
  (net 10 "Net-(BT1-Pad1)")
  (net 11 GND)
  (net 12 PB0)
  (net 13 PB1)
  (net 14 PB3)
  (net 15 PB4)
  (net 16 USB_D+)
  (net 17 USB_D-)
  (net 18 "Net-(J9-Pad4)")
  (net 19 BOOT0)
  (net 20 PB5)
  (net 21 PB6)
  (net 22 PF0)
  (net 23 PF1)
  (net 24 PA0)
  (net 25 PA1)
  (net 26 PA2)
  (net 27 PA3)
  (net 28 PA4)
  (net 29 PA5)
  (net 30 PA6)
  (net 31 PA7)
  (net 32 PB10)
  (net 33 PB11)
  (net 34 PB12)
  (net 35 PB13)
  (net 36 PB14)
  (net 37 PB15)
  (net 38 PA8)
  (net 39 PA9)
  (net 40 PA10)
  (net 41 PA14)
  (net 42 PA15)
  (net 43 PB7)
  (net 44 PB8)
  (net 45 PB9)
  (net 46 VUSB)
  (net 47 5V)
  (net 48 PB2)
  (net 49 VRTCBAT)
  (net 50 "Net-(J4-Pad5)")
  (net 51 "Net-(JP3-Pad2)")

  (net_class Default "Dit is de standaard class."
    (clearance 0.2)
    (trace_width 0.25)
    (via_dia 0.6)
    (via_drill 0.3)
    (uvia_dia 0.3)
    (uvia_drill 0.1)
    (add_net 5V)
    (add_net BOOT0)
    (add_net GND)
    (add_net "Net-(BT1-Pad1)")
    (add_net "Net-(J4-Pad5)")
    (add_net "Net-(J9-Pad4)")
    (add_net "Net-(JP3-Pad2)")
    (add_net PA0)
    (add_net PA1)
    (add_net PA10)
    (add_net PA11)
    (add_net PA12)
    (add_net PA13)
    (add_net PA14)
    (add_net PA15)
    (add_net PA2)
    (add_net PA3)
    (add_net PA4)
    (add_net PA5)
    (add_net PA6)
    (add_net PA7)
    (add_net PA8)
    (add_net PA9)
    (add_net PB0)
    (add_net PB1)
    (add_net PB10)
    (add_net PB11)
    (add_net PB12)
    (add_net PB13)
    (add_net PB14)
    (add_net PB15)
    (add_net PB2)
    (add_net PB3)
    (add_net PB4)
    (add_net PB5)
    (add_net PB6)
    (add_net PB7)
    (add_net PB8)
    (add_net PB9)
    (add_net PC13)
    (add_net PC14)
    (add_net PC15)
    (add_net PF0)
    (add_net PF1)
    (add_net USB_D+)
    (add_net USB_D-)
    (add_net VBAT)
    (add_net VDD)
    (add_net VRTCBAT)
    (add_net VUSB)
    (add_net nSRST)
  )

  (module Battery:BatteryHolder_LINX_BAT-HLD-012-SMT (layer B.Cu) (tedit 5B256044) (tstamp 5C199414)
    (at 151.13 102.87 180)
    (descr "SMT battery holder for CR1216/1220/1225, https://linxtechnologies.com/wp/wp-content/uploads/bat-hld-012-smt.pdf")
    (tags "battery holder coin cell cr1216 cr1220 cr1225")
    (path /5BF1D921)
    (attr smd)
    (fp_text reference BT1 (at 0 -5.207 180) (layer B.SilkS)
      (effects (font (size 1 1) (thickness 0.15)) (justify mirror))
    )
    (fp_text value Battery_Cell (at 0 7 180) (layer B.Fab)
      (effects (font (size 1 1) (thickness 0.15)) (justify mirror))
    )
    (fp_line (start 6.55 -2.85) (end 5.4 -4.2) (layer B.SilkS) (width 0.1))
    (fp_line (start -6.55 -2.85) (end -5.4 -4.2) (layer B.SilkS) (width 0.1))
    (fp_line (start -4.9 4.4) (end -3 4.4) (layer B.SilkS) (width 0.1))
    (fp_line (start 4.9 4.4) (end 3 4.4) (layer B.SilkS) (width 0.1))
    (fp_line (start 4.9 4.4) (end 6.55 2.75) (layer B.SilkS) (width 0.1))
    (fp_line (start -6.55 2.75) (end -4.9 4.4) (layer B.SilkS) (width 0.1))
    (fp_line (start 6.55 2.75) (end 6.75 2.75) (layer B.Fab) (width 0.1))
    (fp_line (start 6.55 2.75) (end 6.7 2.9) (layer B.Fab) (width 0.1))
    (fp_line (start 5.05 4.55) (end 4.9 4.4) (layer B.Fab) (width 0.1))
    (fp_line (start -5.05 4.55) (end -4.9 4.4) (layer B.Fab) (width 0.1))
    (fp_line (start -6.55 2.75) (end -6.7 2.9) (layer B.Fab) (width 0.1))
    (fp_line (start -6.75 2.75) (end -6.55 2.75) (layer B.Fab) (width 0.1))
    (fp_line (start 6.75 -2.85) (end 6.55 -2.85) (layer B.Fab) (width 0.1))
    (fp_line (start -6.75 -2.85) (end -6.55 -2.85) (layer B.Fab) (width 0.1))
    (fp_line (start -3.55 -6.75) (end -7.25 -3.05) (layer B.CrtYd) (width 0.05))
    (fp_line (start 3.55 -6.75) (end 7.25 -3.05) (layer B.CrtYd) (width 0.05))
    (fp_line (start -3.55 -6.75) (end 3.55 -6.75) (layer B.CrtYd) (width 0.05))
    (fp_line (start 9.35 -3.05) (end 7.25 -3.05) (layer B.CrtYd) (width 0.05))
    (fp_line (start 9.35 3.05) (end 9.35 -3.05) (layer B.CrtYd) (width 0.05))
    (fp_line (start 7.25 3.05) (end 9.35 3.05) (layer B.CrtYd) (width 0.05))
    (fp_line (start 3.55 6.75) (end 7.25 3.05) (layer B.CrtYd) (width 0.05))
    (fp_line (start -3.55 6.75) (end 3.55 6.75) (layer B.CrtYd) (width 0.05))
    (fp_line (start -7.25 3.05) (end -3.55 6.75) (layer B.CrtYd) (width 0.05))
    (fp_line (start -9.35 -3.05) (end -7.25 -3.05) (layer B.CrtYd) (width 0.05))
    (fp_line (start -9.35 3.05) (end -7.25 3.05) (layer B.CrtYd) (width 0.05))
    (fp_line (start -9.35 -3.05) (end -9.35 3.05) (layer B.CrtYd) (width 0.05))
    (fp_circle (center 0 0) (end -6.25 0) (layer B.Fab) (width 0.1))
    (fp_arc (start 0 -6) (end -1.8 -4.2) (angle -90) (layer B.Fab) (width 0.1))
    (fp_arc (start 3.6 -2.4) (end 5.4 -4.2) (angle -70.55996517) (layer B.SilkS) (width 0.1))
    (fp_line (start 6.55 -2.85) (end 5.4 -4.2) (layer B.Fab) (width 0.1))
    (fp_line (start -6.55 -2.85) (end -5.4 -4.2) (layer B.Fab) (width 0.1))
    (fp_line (start -6.55 2.75) (end -4.9 4.4) (layer B.Fab) (width 0.1))
    (fp_line (start -6.55 -2.85) (end -6.55 2.75) (layer B.Fab) (width 0.1))
    (fp_line (start 6.55 2.75) (end 4.9 4.4) (layer B.Fab) (width 0.1))
    (fp_line (start 6.55 -2.85) (end 6.55 2.75) (layer B.Fab) (width 0.1))
    (fp_line (start 6.7 2.9) (end 5.05 4.55) (layer B.Fab) (width 0.1))
    (fp_line (start -6.7 2.9) (end -5.05 4.55) (layer B.Fab) (width 0.1))
    (fp_line (start 4.9 4.4) (end -4.9 4.4) (layer B.Fab) (width 0.1))
    (fp_line (start 6.75 -2.85) (end 6.75 2.75) (layer B.Fab) (width 0.1))
    (fp_line (start -6.75 -2.85) (end -6.75 2.75) (layer B.Fab) (width 0.1))
    (fp_line (start 7.65 2.55) (end 6.75 2.55) (layer B.Fab) (width 0.1))
    (fp_line (start 7.65 0.55) (end 7.65 2.55) (layer B.Fab) (width 0.1))
    (fp_line (start 6.75 0.55) (end 7.65 0.55) (layer B.Fab) (width 0.1))
    (fp_line (start 7.65 -0.55) (end 6.75 -0.55) (layer B.Fab) (width 0.1))
    (fp_line (start 7.65 -2.55) (end 7.65 -0.55) (layer B.Fab) (width 0.1))
    (fp_line (start 6.75 -2.55) (end 7.65 -2.55) (layer B.Fab) (width 0.1))
    (fp_line (start -7.65 -2.55) (end -6.75 -2.55) (layer B.Fab) (width 0.1))
    (fp_line (start -7.65 -0.55) (end -7.65 -2.55) (layer B.Fab) (width 0.1))
    (fp_line (start -6.75 -0.55) (end -7.65 -0.55) (layer B.Fab) (width 0.1))
    (fp_line (start -7.65 0.55) (end -6.75 0.55) (layer B.Fab) (width 0.1))
    (fp_line (start -7.65 2.55) (end -6.75 2.55) (layer B.Fab) (width 0.1))
    (fp_line (start -7.65 2.55) (end -7.65 0.55) (layer B.Fab) (width 0.1))
    (fp_text user %R (at 0 0 180) (layer B.Fab)
      (effects (font (size 1 1) (thickness 0.15)) (justify mirror))
    )
    (fp_arc (start 3.6 -2.4) (end 5.4 -4.2) (angle -90) (layer B.Fab) (width 0.1))
    (fp_arc (start -3.6 -2.4) (end -1.8 -4.2) (angle -90) (layer B.Fab) (width 0.1))
    (fp_arc (start -3.6 -2.4) (end -5.4 -4.2) (angle 70.5) (layer B.SilkS) (width 0.1))
    (pad 1 smd rect (at -7.6 0 180) (size 2.5 5.1) (layers B.Cu B.Paste B.Mask)
      (net 10 "Net-(BT1-Pad1)"))
    (pad 1 smd rect (at 7.6 0 180) (size 2.5 5.1) (layers B.Cu B.Paste B.Mask)
      (net 10 "Net-(BT1-Pad1)"))
    (pad 2 smd circle (at 0 0 180) (size 10.2 10.2) (layers B.Cu B.Paste B.Mask)
      (net 11 GND))
    (model ${KISYS3DMOD}/Battery.3dshapes/BatteryHolder_LINX_BAT-HLD-012-SMT.wrl
      (at (xyz 0 0 0))
      (scale (xyz 1 1 1))
      (rotate (xyz 0 0 0))
    )
  )

  (module Connector_USB:USB_Micro-B_Wuerth_629105150521 (layer F.Cu) (tedit 5A142044) (tstamp 5C58D689)
    (at 144.78 54.61 180)
    (descr "USB Micro-B receptacle, http://www.mouser.com/ds/2/445/629105150521-469306.pdf")
    (tags "usb micro receptacle")
    (path /5BF1E2B1)
    (attr smd)
    (fp_text reference J9 (at 0 -3.5) (layer F.SilkS)
      (effects (font (size 1 1) (thickness 0.15)))
    )
    (fp_text value USB_B_Micro (at 0 5.6) (layer F.Fab)
      (effects (font (size 1 1) (thickness 0.15)))
    )
    (fp_text user "PCB Edge" (at 0 3.75) (layer Dwgs.User)
      (effects (font (size 0.5 0.5) (thickness 0.08)))
    )
    (fp_text user %R (at 0 1.05) (layer F.Fab)
      (effects (font (size 1 1) (thickness 0.15)))
    )
    (fp_line (start 4.95 -3.34) (end -4.94 -3.34) (layer F.CrtYd) (width 0.05))
    (fp_line (start 4.95 4.85) (end 4.95 -3.34) (layer F.CrtYd) (width 0.05))
    (fp_line (start -4.94 4.85) (end 4.95 4.85) (layer F.CrtYd) (width 0.05))
    (fp_line (start -4.94 -3.34) (end -4.94 4.85) (layer F.CrtYd) (width 0.05))
    (fp_line (start 1.8 -2.4) (end 2.8 -2.4) (layer F.SilkS) (width 0.15))
    (fp_line (start -1.8 -2.4) (end -2.8 -2.4) (layer F.SilkS) (width 0.15))
    (fp_line (start -1.8 -2.825) (end -1.8 -2.4) (layer F.SilkS) (width 0.15))
    (fp_line (start -1.075 -2.825) (end -1.8 -2.825) (layer F.SilkS) (width 0.15))
    (fp_line (start 4.15 0.75) (end 4.15 -0.65) (layer F.SilkS) (width 0.15))
    (fp_line (start 4.15 3.3) (end 4.15 3.15) (layer F.SilkS) (width 0.15))
    (fp_line (start 3.85 3.3) (end 4.15 3.3) (layer F.SilkS) (width 0.15))
    (fp_line (start 3.85 3.75) (end 3.85 3.3) (layer F.SilkS) (width 0.15))
    (fp_line (start -3.85 3.3) (end -3.85 3.75) (layer F.SilkS) (width 0.15))
    (fp_line (start -4.15 3.3) (end -3.85 3.3) (layer F.SilkS) (width 0.15))
    (fp_line (start -4.15 3.15) (end -4.15 3.3) (layer F.SilkS) (width 0.15))
    (fp_line (start -4.15 -0.65) (end -4.15 0.75) (layer F.SilkS) (width 0.15))
    (fp_line (start -1.075 -2.95) (end -1.075 -2.725) (layer F.Fab) (width 0.15))
    (fp_line (start -1.525 -2.95) (end -1.075 -2.95) (layer F.Fab) (width 0.15))
    (fp_line (start -1.525 -2.725) (end -1.525 -2.95) (layer F.Fab) (width 0.15))
    (fp_line (start -1.3 -2.55) (end -1.525 -2.725) (layer F.Fab) (width 0.15))
    (fp_line (start -1.075 -2.725) (end -1.3 -2.55) (layer F.Fab) (width 0.15))
    (fp_line (start -2.7 3.75) (end 2.7 3.75) (layer F.Fab) (width 0.15))
    (fp_line (start 4 -2.25) (end -4 -2.25) (layer F.Fab) (width 0.15))
    (fp_line (start 4 3.15) (end 4 -2.25) (layer F.Fab) (width 0.15))
    (fp_line (start 3.7 3.15) (end 4 3.15) (layer F.Fab) (width 0.15))
    (fp_line (start 3.7 4.35) (end 3.7 3.15) (layer F.Fab) (width 0.15))
    (fp_line (start -3.7 4.35) (end 3.7 4.35) (layer F.Fab) (width 0.15))
    (fp_line (start -3.7 3.15) (end -3.7 4.35) (layer F.Fab) (width 0.15))
    (fp_line (start -4 3.15) (end -3.7 3.15) (layer F.Fab) (width 0.15))
    (fp_line (start -4 -2.25) (end -4 3.15) (layer F.Fab) (width 0.15))
    (pad "" np_thru_hole oval (at 2.5 -0.8 180) (size 0.8 0.8) (drill 0.8) (layers *.Cu *.Mask))
    (pad "" np_thru_hole oval (at -2.5 -0.8 180) (size 0.8 0.8) (drill 0.8) (layers *.Cu *.Mask))
    (pad 6 thru_hole oval (at 3.875 1.95 180) (size 1.15 1.8) (drill oval 0.55 1.2) (layers *.Cu *.Mask)
      (net 11 GND))
    (pad 6 thru_hole oval (at -3.875 1.95 180) (size 1.15 1.8) (drill oval 0.55 1.2) (layers *.Cu *.Mask)
      (net 11 GND))
    (pad 6 thru_hole oval (at 3.725 -1.85 180) (size 1.45 2) (drill oval 0.85 1.4) (layers *.Cu *.Mask)
      (net 11 GND))
    (pad 6 thru_hole oval (at -3.725 -1.85 180) (size 1.45 2) (drill oval 0.85 1.4) (layers *.Cu *.Mask)
      (net 11 GND))
    (pad 5 smd rect (at 1.3 -1.9 180) (size 0.45 1.3) (layers F.Cu F.Paste F.Mask)
      (net 11 GND))
    (pad 4 smd rect (at 0.65 -1.9 180) (size 0.45 1.3) (layers F.Cu F.Paste F.Mask)
      (net 18 "Net-(J9-Pad4)"))
    (pad 3 smd rect (at 0 -1.9 180) (size 0.45 1.3) (layers F.Cu F.Paste F.Mask)
      (net 16 USB_D+))
    (pad 2 smd rect (at -0.65 -1.9 180) (size 0.45 1.3) (layers F.Cu F.Paste F.Mask)
      (net 17 USB_D-))
    (pad 1 smd rect (at -1.3 -1.9 180) (size 0.45 1.3) (layers F.Cu F.Paste F.Mask)
      (net 46 VUSB))
    (model ${KISYS3DMOD}/Connector_USB.3dshapes/USB_Micro-B_Wuerth_629105150521.wrl
      (at (xyz 0 0 0))
      (scale (xyz 1 1 1))
      (rotate (xyz 0 0 0))
    )
  )

  (module Crystal:Crystal_SMD_5032-2Pin_5.0x3.2mm (layer F.Cu) (tedit 5A0FD1B2) (tstamp 5C58D66F)
    (at 156.15 93.98)
    (descr "SMD Crystal SERIES SMD2520/2 http://www.icbase.com/File/PDF/HKC/HKC00061008.pdf, 5.0x3.2mm^2 package")
    (tags "SMD SMT crystal")
    (path /5BF1CE38)
    (attr smd)
    (fp_text reference Y1 (at 0 -2.8) (layer F.SilkS)
      (effects (font (size 1 1) (thickness 0.15)))
    )
    (fp_text value "8MHz, 20pF" (at 0 2.8) (layer F.Fab)
      (effects (font (size 1 1) (thickness 0.15)))
    )
    (fp_text user %R (at 0 0) (layer F.Fab)
      (effects (font (size 1 1) (thickness 0.15)))
    )
    (fp_line (start -2.3 -1.6) (end 2.3 -1.6) (layer F.Fab) (width 0.1))
    (fp_line (start 2.3 -1.6) (end 2.5 -1.4) (layer F.Fab) (width 0.1))
    (fp_line (start 2.5 -1.4) (end 2.5 1.4) (layer F.Fab) (width 0.1))
    (fp_line (start 2.5 1.4) (end 2.3 1.6) (layer F.Fab) (width 0.1))
    (fp_line (start 2.3 1.6) (end -2.3 1.6) (layer F.Fab) (width 0.1))
    (fp_line (start -2.3 1.6) (end -2.5 1.4) (layer F.Fab) (width 0.1))
    (fp_line (start -2.5 1.4) (end -2.5 -1.4) (layer F.Fab) (width 0.1))
    (fp_line (start -2.5 -1.4) (end -2.3 -1.6) (layer F.Fab) (width 0.1))
    (fp_line (start -2.5 0.6) (end -1.5 1.6) (layer F.Fab) (width 0.1))
    (fp_line (start 2.7 -1.8) (end -3.05 -1.8) (layer F.SilkS) (width 0.12))
    (fp_line (start -3.05 -1.8) (end -3.05 1.8) (layer F.SilkS) (width 0.12))
    (fp_line (start -3.05 1.8) (end 2.7 1.8) (layer F.SilkS) (width 0.12))
    (fp_line (start -3.1 -1.9) (end -3.1 1.9) (layer F.CrtYd) (width 0.05))
    (fp_line (start -3.1 1.9) (end 3.1 1.9) (layer F.CrtYd) (width 0.05))
    (fp_line (start 3.1 1.9) (end 3.1 -1.9) (layer F.CrtYd) (width 0.05))
    (fp_line (start 3.1 -1.9) (end -3.1 -1.9) (layer F.CrtYd) (width 0.05))
    (fp_circle (center 0 0) (end 0.4 0) (layer F.Adhes) (width 0.1))
    (fp_circle (center 0 0) (end 0.333333 0) (layer F.Adhes) (width 0.133333))
    (fp_circle (center 0 0) (end 0.213333 0) (layer F.Adhes) (width 0.133333))
    (fp_circle (center 0 0) (end 0.093333 0) (layer F.Adhes) (width 0.186667))
    (pad 1 smd rect (at -1.85 0) (size 2 2.4) (layers F.Cu F.Paste F.Mask)
      (net 22 PF0))
    (pad 2 smd rect (at 1.85 0) (size 2 2.4) (layers F.Cu F.Paste F.Mask)
      (net 23 PF1))
    (model ${KISYS3DMOD}/Crystal.3dshapes/Crystal_SMD_5032-2Pin_5.0x3.2mm.wrl
      (at (xyz 0 0 0))
      (scale (xyz 1 1 1))
      (rotate (xyz 0 0 0))
    )
  )

  (module Crystal:Crystal_SMD_EuroQuartz_EQ161-2Pin_3.2x1.5mm (layer F.Cu) (tedit 5A0FD1B2) (tstamp 5C58D659)
    (at 148.59 92.075)
    (descr "SMD Crystal EuroQuartz EQ161 series http://cdn-reichelt.de/documents/datenblatt/B400/PG32768C.pdf, 3.2x1.5mm^2 package")
    (tags "SMD SMT crystal")
    (path /5BF1CDF8)
    (attr smd)
    (fp_text reference Y2 (at 0 -1.95) (layer F.SilkS)
      (effects (font (size 1 1) (thickness 0.15)))
    )
    (fp_text value "32KHz, 4pF" (at 0 1.95) (layer F.Fab)
      (effects (font (size 1 1) (thickness 0.15)))
    )
    (fp_text user %R (at 0 0) (layer F.Fab)
      (effects (font (size 0.7 0.7) (thickness 0.105)))
    )
    (fp_line (start -1.5 -0.75) (end 1.5 -0.75) (layer F.Fab) (width 0.1))
    (fp_line (start 1.5 -0.75) (end 1.6 -0.65) (layer F.Fab) (width 0.1))
    (fp_line (start 1.6 -0.65) (end 1.6 0.65) (layer F.Fab) (width 0.1))
    (fp_line (start 1.6 0.65) (end 1.5 0.75) (layer F.Fab) (width 0.1))
    (fp_line (start 1.5 0.75) (end -1.5 0.75) (layer F.Fab) (width 0.1))
    (fp_line (start -1.5 0.75) (end -1.6 0.65) (layer F.Fab) (width 0.1))
    (fp_line (start -1.6 0.65) (end -1.6 -0.65) (layer F.Fab) (width 0.1))
    (fp_line (start -1.6 -0.65) (end -1.5 -0.75) (layer F.Fab) (width 0.1))
    (fp_line (start -1.6 0.25) (end -1.1 0.75) (layer F.Fab) (width 0.1))
    (fp_line (start -0.55 -0.95) (end 0.55 -0.95) (layer F.SilkS) (width 0.12))
    (fp_line (start -0.55 0.95) (end 0.55 0.95) (layer F.SilkS) (width 0.12))
    (fp_line (start -1.95 -0.9) (end -1.95 0.9) (layer F.SilkS) (width 0.12))
    (fp_line (start -2 -1.2) (end -2 1.2) (layer F.CrtYd) (width 0.05))
    (fp_line (start -2 1.2) (end 2 1.2) (layer F.CrtYd) (width 0.05))
    (fp_line (start 2 1.2) (end 2 -1.2) (layer F.CrtYd) (width 0.05))
    (fp_line (start 2 -1.2) (end -2 -1.2) (layer F.CrtYd) (width 0.05))
    (pad 1 smd rect (at -1.25 0) (size 1 1.8) (layers F.Cu F.Paste F.Mask)
      (net 3 PC14))
    (pad 2 smd rect (at 1.25 0) (size 1 1.8) (layers F.Cu F.Paste F.Mask)
      (net 4 PC15))
    (model ${KISYS3DMOD}/Crystal.3dshapes/Crystal_SMD_EuroQuartz_EQ161-2Pin_3.2x1.5mm.wrl
      (at (xyz 0 0 0))
      (scale (xyz 1 1 1))
      (rotate (xyz 0 0 0))
    )
  )

  (module MountingHole:MountingHole_2.2mm_M2_ISO7380 (layer F.Cu) (tedit 5C2F543E) (tstamp 5C2FAEC1)
    (at 167.64 106.68)
    (descr "Mounting Hole 2.2mm, no annular, M2, ISO7380")
    (tags "mounting hole 2.2mm no annular m2 iso7380")
    (path /5C2F73BD)
    (attr virtual)
    (fp_text reference H4 (at 0 -2.75) (layer F.SilkS) hide
      (effects (font (size 1 1) (thickness 0.15)))
    )
    (fp_text value MountingHole (at 0 2.75) (layer F.Fab)
      (effects (font (size 1 1) (thickness 0.15)))
    )
    (fp_circle (center 0 0) (end 2 0) (layer F.CrtYd) (width 0.05))
    (fp_circle (center 0 0) (end 1.75 0) (layer Cmts.User) (width 0.15))
    (fp_text user %R (at 0.3 0) (layer F.Fab)
      (effects (font (size 1 1) (thickness 0.15)))
    )
    (pad 1 np_thru_hole circle (at 0 0) (size 2.2 2.2) (drill 2.2) (layers *.Cu *.Mask))
  )

  (module MountingHole:MountingHole_2.2mm_M2_ISO7380 (layer F.Cu) (tedit 5C2F5402) (tstamp 5C2FA89D)
    (at 167.64 53.34)
    (descr "Mounting Hole 2.2mm, no annular, M2, ISO7380")
    (tags "mounting hole 2.2mm no annular m2 iso7380")
    (path /5C2F7355)
    (attr virtual)
    (fp_text reference H3 (at 0 -2.75) (layer F.SilkS) hide
      (effects (font (size 1 1) (thickness 0.15)))
    )
    (fp_text value MountingHole (at 0 2.75) (layer F.Fab)
      (effects (font (size 1 1) (thickness 0.15)))
    )
    (fp_text user %R (at 0.3 0) (layer F.Fab)
      (effects (font (size 1 1) (thickness 0.15)))
    )
    (fp_circle (center 0 0) (end 1.75 0) (layer Cmts.User) (width 0.15))
    (fp_circle (center 0 0) (end 2 0) (layer F.CrtYd) (width 0.05))
    (pad 1 np_thru_hole circle (at 0 0) (size 2.2 2.2) (drill 2.2) (layers *.Cu *.Mask))
  )

  (module MountingHole:MountingHole_2.2mm_M2_ISO7380 (layer F.Cu) (tedit 5C2F543A) (tstamp 5C2FA895)
    (at 134.62 106.68)
    (descr "Mounting Hole 2.2mm, no annular, M2, ISO7380")
    (tags "mounting hole 2.2mm no annular m2 iso7380")
    (path /5C2F72DF)
    (attr virtual)
    (fp_text reference H2 (at 0 -2.75) (layer F.SilkS) hide
      (effects (font (size 1 1) (thickness 0.15)))
    )
    (fp_text value MountingHole (at 0 2.75) (layer F.Fab)
      (effects (font (size 1 1) (thickness 0.15)))
    )
    (fp_circle (center 0 0) (end 2 0) (layer F.CrtYd) (width 0.05))
    (fp_circle (center 0 0) (end 1.75 0) (layer Cmts.User) (width 0.15))
    (fp_text user %R (at 0.3 0) (layer F.Fab)
      (effects (font (size 1 1) (thickness 0.15)))
    )
    (pad 1 np_thru_hole circle (at 0 0) (size 2.2 2.2) (drill 2.2) (layers *.Cu *.Mask))
  )

  (module MountingHole:MountingHole_2.2mm_M2_ISO7380 (layer F.Cu) (tedit 5C2F53FE) (tstamp 5C2FAE38)
    (at 134.62 53.34)
    (descr "Mounting Hole 2.2mm, no annular, M2, ISO7380")
    (tags "mounting hole 2.2mm no annular m2 iso7380")
    (path /5C2F6FE8)
    (attr virtual)
    (fp_text reference H1 (at 0 -2.75) (layer F.SilkS) hide
      (effects (font (size 1 1) (thickness 0.15)))
    )
    (fp_text value MountingHole (at 0 2.75) (layer F.Fab)
      (effects (font (size 1 1) (thickness 0.15)))
    )
    (fp_text user %R (at 0.3 0) (layer F.Fab)
      (effects (font (size 1 1) (thickness 0.15)))
    )
    (fp_circle (center 0 0) (end 1.75 0) (layer Cmts.User) (width 0.15))
    (fp_circle (center 0 0) (end 2 0) (layer F.CrtYd) (width 0.05))
    (pad 1 np_thru_hole circle (at 0 0) (size 2.2 2.2) (drill 2.2) (layers *.Cu *.Mask))
  )

  (module Capacitor_SMD:C_0805_2012Metric (layer B.Cu) (tedit 5B36C52B) (tstamp 5DBF7F5F)
    (at 155.8775 93.345)
    (descr "Capacitor SMD 0805 (2012 Metric), square (rectangular) end terminal, IPC_7351 nominal, (Body size source: https://docs.google.com/spreadsheets/d/1BsfQQcO9C6DZCsRaXUlFlo91Tg2WpOkGARC1WS5S8t0/edit?usp=sharing), generated with kicad-footprint-generator")
    (tags capacitor)
    (path /5C2CBDEB)
    (attr smd)
    (fp_text reference C15 (at -2.9695 0) (layer B.SilkS)
      (effects (font (size 1 1) (thickness 0.15)) (justify mirror))
    )
    (fp_text value 1u (at 0 -1.65) (layer B.Fab)
      (effects (font (size 1 1) (thickness 0.15)) (justify mirror))
    )
    (fp_text user %R (at 0 0) (layer B.Fab)
      (effects (font (size 0.5 0.5) (thickness 0.08)) (justify mirror))
    )
    (fp_line (start 1.68 -0.95) (end -1.68 -0.95) (layer B.CrtYd) (width 0.05))
    (fp_line (start 1.68 0.95) (end 1.68 -0.95) (layer B.CrtYd) (width 0.05))
    (fp_line (start -1.68 0.95) (end 1.68 0.95) (layer B.CrtYd) (width 0.05))
    (fp_line (start -1.68 -0.95) (end -1.68 0.95) (layer B.CrtYd) (width 0.05))
    (fp_line (start -0.258578 -0.71) (end 0.258578 -0.71) (layer B.SilkS) (width 0.12))
    (fp_line (start -0.258578 0.71) (end 0.258578 0.71) (layer B.SilkS) (width 0.12))
    (fp_line (start 1 -0.6) (end -1 -0.6) (layer B.Fab) (width 0.1))
    (fp_line (start 1 0.6) (end 1 -0.6) (layer B.Fab) (width 0.1))
    (fp_line (start -1 0.6) (end 1 0.6) (layer B.Fab) (width 0.1))
    (fp_line (start -1 -0.6) (end -1 0.6) (layer B.Fab) (width 0.1))
    (pad 2 smd roundrect (at 0.9375 0) (size 0.975 1.4) (layers B.Cu B.Paste B.Mask) (roundrect_rratio 0.25)
      (net 11 GND))
    (pad 1 smd roundrect (at -0.9375 0) (size 0.975 1.4) (layers B.Cu B.Paste B.Mask) (roundrect_rratio 0.25)
      (net 6 VDD))
    (model ${KISYS3DMOD}/Capacitor_SMD.3dshapes/C_0805_2012Metric.wrl
      (at (xyz 0 0 0))
      (scale (xyz 1 1 1))
      (rotate (xyz 0 0 0))
    )
  )

  (module Capacitor_SMD:C_0805_2012Metric (layer B.Cu) (tedit 5B36C52B) (tstamp 5C2CB5EA)
    (at 155.8775 91.44)
    (descr "Capacitor SMD 0805 (2012 Metric), square (rectangular) end terminal, IPC_7351 nominal, (Body size source: https://docs.google.com/spreadsheets/d/1BsfQQcO9C6DZCsRaXUlFlo91Tg2WpOkGARC1WS5S8t0/edit?usp=sharing), generated with kicad-footprint-generator")
    (tags capacitor)
    (path /5C2CBDF1)
    (attr smd)
    (fp_text reference C16 (at -2.9695 0) (layer B.SilkS)
      (effects (font (size 1 1) (thickness 0.15)) (justify mirror))
    )
    (fp_text value 100n (at 0 -1.65) (layer B.Fab)
      (effects (font (size 1 1) (thickness 0.15)) (justify mirror))
    )
    (fp_line (start -1 -0.6) (end -1 0.6) (layer B.Fab) (width 0.1))
    (fp_line (start -1 0.6) (end 1 0.6) (layer B.Fab) (width 0.1))
    (fp_line (start 1 0.6) (end 1 -0.6) (layer B.Fab) (width 0.1))
    (fp_line (start 1 -0.6) (end -1 -0.6) (layer B.Fab) (width 0.1))
    (fp_line (start -0.258578 0.71) (end 0.258578 0.71) (layer B.SilkS) (width 0.12))
    (fp_line (start -0.258578 -0.71) (end 0.258578 -0.71) (layer B.SilkS) (width 0.12))
    (fp_line (start -1.68 -0.95) (end -1.68 0.95) (layer B.CrtYd) (width 0.05))
    (fp_line (start -1.68 0.95) (end 1.68 0.95) (layer B.CrtYd) (width 0.05))
    (fp_line (start 1.68 0.95) (end 1.68 -0.95) (layer B.CrtYd) (width 0.05))
    (fp_line (start 1.68 -0.95) (end -1.68 -0.95) (layer B.CrtYd) (width 0.05))
    (fp_text user %R (at 0 0) (layer B.Fab)
      (effects (font (size 0.5 0.5) (thickness 0.08)) (justify mirror))
    )
    (pad 1 smd roundrect (at -0.9375 0) (size 0.975 1.4) (layers B.Cu B.Paste B.Mask) (roundrect_rratio 0.25)
      (net 6 VDD))
    (pad 2 smd roundrect (at 0.9375 0) (size 0.975 1.4) (layers B.Cu B.Paste B.Mask) (roundrect_rratio 0.25)
      (net 11 GND))
    (model ${KISYS3DMOD}/Capacitor_SMD.3dshapes/C_0805_2012Metric.wrl
      (at (xyz 0 0 0))
      (scale (xyz 1 1 1))
      (rotate (xyz 0 0 0))
    )
  )

  (module lib:TS-1187 (layer F.Cu) (tedit 5C23E748) (tstamp 5C204128)
    (at 156.635 67.54 180)
    (path /5BF2390B)
    (fp_text reference SW1 (at 0 3 180) (layer F.SilkS)
      (effects (font (size 1 1) (thickness 0.15)))
    )
    (fp_text value SW_Push (at 0 -3 180) (layer F.Fab)
      (effects (font (size 1 1) (thickness 0.15)))
    )
    (fp_circle (center 0 0) (end 1 0) (layer F.SilkS) (width 0.15))
    (fp_line (start 2 2) (end -2 2) (layer F.SilkS) (width 0.15))
    (fp_line (start 2 -2) (end 2 2) (layer F.SilkS) (width 0.15))
    (fp_line (start -2 -2) (end 2 -2) (layer F.SilkS) (width 0.15))
    (fp_line (start -2 2) (end -2 -2) (layer F.SilkS) (width 0.15))
    (pad 2 smd rect (at 3.15 1.85 180) (size 1.8 1.1) (layers F.Cu F.Paste F.Mask)
      (net 11 GND))
    (pad 1 smd rect (at 3.15 -1.85 180) (size 1.8 1.1) (layers F.Cu F.Paste F.Mask)
      (net 5 nSRST))
    (pad 2 smd rect (at -3.15 1.85 180) (size 1.8 1.1) (layers F.Cu F.Paste F.Mask)
      (net 11 GND))
    (pad 1 smd rect (at -3.15 -1.85 180) (size 1.8 1.1) (layers F.Cu F.Paste F.Mask)
      (net 5 nSRST))
  )

  (module Capacitor_SMD:C_0805_2012Metric (layer F.Cu) (tedit 5B36C52B) (tstamp 5C283282)
    (at 149.86 95.5525 270)
    (descr "Capacitor SMD 0805 (2012 Metric), square (rectangular) end terminal, IPC_7351 nominal, (Body size source: https://docs.google.com/spreadsheets/d/1BsfQQcO9C6DZCsRaXUlFlo91Tg2WpOkGARC1WS5S8t0/edit?usp=sharing), generated with kicad-footprint-generator")
    (tags capacitor)
    (path /5BF1D5A4)
    (attr smd)
    (fp_text reference C4 (at 2.8725 0 270) (layer F.SilkS)
      (effects (font (size 1 1) (thickness 0.15)))
    )
    (fp_text value C (at 0 1.65 270) (layer F.Fab)
      (effects (font (size 1 1) (thickness 0.15)))
    )
    (fp_text user %R (at 0 0 270) (layer F.Fab)
      (effects (font (size 0.5 0.5) (thickness 0.08)))
    )
    (fp_line (start 1.68 0.95) (end -1.68 0.95) (layer F.CrtYd) (width 0.05))
    (fp_line (start 1.68 -0.95) (end 1.68 0.95) (layer F.CrtYd) (width 0.05))
    (fp_line (start -1.68 -0.95) (end 1.68 -0.95) (layer F.CrtYd) (width 0.05))
    (fp_line (start -1.68 0.95) (end -1.68 -0.95) (layer F.CrtYd) (width 0.05))
    (fp_line (start -0.258578 0.71) (end 0.258578 0.71) (layer F.SilkS) (width 0.12))
    (fp_line (start -0.258578 -0.71) (end 0.258578 -0.71) (layer F.SilkS) (width 0.12))
    (fp_line (start 1 0.6) (end -1 0.6) (layer F.Fab) (width 0.1))
    (fp_line (start 1 -0.6) (end 1 0.6) (layer F.Fab) (width 0.1))
    (fp_line (start -1 -0.6) (end 1 -0.6) (layer F.Fab) (width 0.1))
    (fp_line (start -1 0.6) (end -1 -0.6) (layer F.Fab) (width 0.1))
    (pad 2 smd roundrect (at 0.9375 0 270) (size 0.975 1.4) (layers F.Cu F.Paste F.Mask) (roundrect_rratio 0.25)
      (net 11 GND))
    (pad 1 smd roundrect (at -0.9375 0 270) (size 0.975 1.4) (layers F.Cu F.Paste F.Mask) (roundrect_rratio 0.25)
      (net 4 PC15))
    (model ${KISYS3DMOD}/Capacitor_SMD.3dshapes/C_0805_2012Metric.wrl
      (at (xyz 0 0 0))
      (scale (xyz 1 1 1))
      (rotate (xyz 0 0 0))
    )
  )

  (module Capacitor_SMD:C_0805_2012Metric (layer F.Cu) (tedit 5B36C52B) (tstamp 5C283272)
    (at 147.32 95.5525 270)
    (descr "Capacitor SMD 0805 (2012 Metric), square (rectangular) end terminal, IPC_7351 nominal, (Body size source: https://docs.google.com/spreadsheets/d/1BsfQQcO9C6DZCsRaXUlFlo91Tg2WpOkGARC1WS5S8t0/edit?usp=sharing), generated with kicad-footprint-generator")
    (tags capacitor)
    (path /5BF1D562)
    (attr smd)
    (fp_text reference C3 (at 2.8725 0 270) (layer F.SilkS)
      (effects (font (size 1 1) (thickness 0.15)))
    )
    (fp_text value C (at 0 1.65 270) (layer F.Fab)
      (effects (font (size 1 1) (thickness 0.15)))
    )
    (fp_line (start -1 0.6) (end -1 -0.6) (layer F.Fab) (width 0.1))
    (fp_line (start -1 -0.6) (end 1 -0.6) (layer F.Fab) (width 0.1))
    (fp_line (start 1 -0.6) (end 1 0.6) (layer F.Fab) (width 0.1))
    (fp_line (start 1 0.6) (end -1 0.6) (layer F.Fab) (width 0.1))
    (fp_line (start -0.258578 -0.71) (end 0.258578 -0.71) (layer F.SilkS) (width 0.12))
    (fp_line (start -0.258578 0.71) (end 0.258578 0.71) (layer F.SilkS) (width 0.12))
    (fp_line (start -1.68 0.95) (end -1.68 -0.95) (layer F.CrtYd) (width 0.05))
    (fp_line (start -1.68 -0.95) (end 1.68 -0.95) (layer F.CrtYd) (width 0.05))
    (fp_line (start 1.68 -0.95) (end 1.68 0.95) (layer F.CrtYd) (width 0.05))
    (fp_line (start 1.68 0.95) (end -1.68 0.95) (layer F.CrtYd) (width 0.05))
    (fp_text user %R (at 0 0 270) (layer F.Fab)
      (effects (font (size 0.5 0.5) (thickness 0.08)))
    )
    (pad 1 smd roundrect (at -0.9375 0 270) (size 0.975 1.4) (layers F.Cu F.Paste F.Mask) (roundrect_rratio 0.25)
      (net 3 PC14))
    (pad 2 smd roundrect (at 0.9375 0 270) (size 0.975 1.4) (layers F.Cu F.Paste F.Mask) (roundrect_rratio 0.25)
      (net 11 GND))
    (model ${KISYS3DMOD}/Capacitor_SMD.3dshapes/C_0805_2012Metric.wrl
      (at (xyz 0 0 0))
      (scale (xyz 1 1 1))
      (rotate (xyz 0 0 0))
    )
  )

  (module Capacitor_SMD:C_0805_2012Metric (layer F.Cu) (tedit 5B36C52B) (tstamp 5C283262)
    (at 158.4175 97.155 180)
    (descr "Capacitor SMD 0805 (2012 Metric), square (rectangular) end terminal, IPC_7351 nominal, (Body size source: https://docs.google.com/spreadsheets/d/1BsfQQcO9C6DZCsRaXUlFlo91Tg2WpOkGARC1WS5S8t0/edit?usp=sharing), generated with kicad-footprint-generator")
    (tags capacitor)
    (path /5BF1D52A)
    (attr smd)
    (fp_text reference C2 (at 0 -1.905 180) (layer F.SilkS)
      (effects (font (size 1 1) (thickness 0.15)))
    )
    (fp_text value C (at 0 1.65 180) (layer F.Fab)
      (effects (font (size 1 1) (thickness 0.15)))
    )
    (fp_text user %R (at 0 0 180) (layer F.Fab)
      (effects (font (size 0.5 0.5) (thickness 0.08)))
    )
    (fp_line (start 1.68 0.95) (end -1.68 0.95) (layer F.CrtYd) (width 0.05))
    (fp_line (start 1.68 -0.95) (end 1.68 0.95) (layer F.CrtYd) (width 0.05))
    (fp_line (start -1.68 -0.95) (end 1.68 -0.95) (layer F.CrtYd) (width 0.05))
    (fp_line (start -1.68 0.95) (end -1.68 -0.95) (layer F.CrtYd) (width 0.05))
    (fp_line (start -0.258578 0.71) (end 0.258578 0.71) (layer F.SilkS) (width 0.12))
    (fp_line (start -0.258578 -0.71) (end 0.258578 -0.71) (layer F.SilkS) (width 0.12))
    (fp_line (start 1 0.6) (end -1 0.6) (layer F.Fab) (width 0.1))
    (fp_line (start 1 -0.6) (end 1 0.6) (layer F.Fab) (width 0.1))
    (fp_line (start -1 -0.6) (end 1 -0.6) (layer F.Fab) (width 0.1))
    (fp_line (start -1 0.6) (end -1 -0.6) (layer F.Fab) (width 0.1))
    (pad 2 smd roundrect (at 0.9375 0 180) (size 0.975 1.4) (layers F.Cu F.Paste F.Mask) (roundrect_rratio 0.25)
      (net 11 GND))
    (pad 1 smd roundrect (at -0.9375 0 180) (size 0.975 1.4) (layers F.Cu F.Paste F.Mask) (roundrect_rratio 0.25)
      (net 23 PF1))
    (model ${KISYS3DMOD}/Capacitor_SMD.3dshapes/C_0805_2012Metric.wrl
      (at (xyz 0 0 0))
      (scale (xyz 1 1 1))
      (rotate (xyz 0 0 0))
    )
  )

  (module Capacitor_SMD:C_0805_2012Metric (layer F.Cu) (tedit 5B36C52B) (tstamp 5C2E2F30)
    (at 153.8455 97.155)
    (descr "Capacitor SMD 0805 (2012 Metric), square (rectangular) end terminal, IPC_7351 nominal, (Body size source: https://docs.google.com/spreadsheets/d/1BsfQQcO9C6DZCsRaXUlFlo91Tg2WpOkGARC1WS5S8t0/edit?usp=sharing), generated with kicad-footprint-generator")
    (tags capacitor)
    (path /5BF1DF0F)
    (attr smd)
    (fp_text reference C1 (at 0 1.905) (layer F.SilkS)
      (effects (font (size 1 1) (thickness 0.15)))
    )
    (fp_text value C (at 0 1.65) (layer F.Fab)
      (effects (font (size 1 1) (thickness 0.15)))
    )
    (fp_line (start -1 0.6) (end -1 -0.6) (layer F.Fab) (width 0.1))
    (fp_line (start -1 -0.6) (end 1 -0.6) (layer F.Fab) (width 0.1))
    (fp_line (start 1 -0.6) (end 1 0.6) (layer F.Fab) (width 0.1))
    (fp_line (start 1 0.6) (end -1 0.6) (layer F.Fab) (width 0.1))
    (fp_line (start -0.258578 -0.71) (end 0.258578 -0.71) (layer F.SilkS) (width 0.12))
    (fp_line (start -0.258578 0.71) (end 0.258578 0.71) (layer F.SilkS) (width 0.12))
    (fp_line (start -1.68 0.95) (end -1.68 -0.95) (layer F.CrtYd) (width 0.05))
    (fp_line (start -1.68 -0.95) (end 1.68 -0.95) (layer F.CrtYd) (width 0.05))
    (fp_line (start 1.68 -0.95) (end 1.68 0.95) (layer F.CrtYd) (width 0.05))
    (fp_line (start 1.68 0.95) (end -1.68 0.95) (layer F.CrtYd) (width 0.05))
    (fp_text user %R (at 0 0) (layer F.Fab)
      (effects (font (size 0.5 0.5) (thickness 0.08)))
    )
    (pad 1 smd roundrect (at -0.9375 0) (size 0.975 1.4) (layers F.Cu F.Paste F.Mask) (roundrect_rratio 0.25)
      (net 22 PF0))
    (pad 2 smd roundrect (at 0.9375 0) (size 0.975 1.4) (layers F.Cu F.Paste F.Mask) (roundrect_rratio 0.25)
      (net 11 GND))
    (model ${KISYS3DMOD}/Capacitor_SMD.3dshapes/C_0805_2012Metric.wrl
      (at (xyz 0 0 0))
      (scale (xyz 1 1 1))
      (rotate (xyz 0 0 0))
    )
  )

  (module Capacitor_SMD:C_0805_2012Metric (layer B.Cu) (tedit 5B36C52B) (tstamp 5C2838EE)
    (at 159.0525 78.74)
    (descr "Capacitor SMD 0805 (2012 Metric), square (rectangular) end terminal, IPC_7351 nominal, (Body size source: https://docs.google.com/spreadsheets/d/1BsfQQcO9C6DZCsRaXUlFlo91Tg2WpOkGARC1WS5S8t0/edit?usp=sharing), generated with kicad-footprint-generator")
    (tags capacitor)
    (path /5C27E386)
    (attr smd)
    (fp_text reference C11 (at -2.9695 0) (layer B.SilkS)
      (effects (font (size 1 1) (thickness 0.15)) (justify mirror))
    )
    (fp_text value 100n (at 0 -1.65) (layer B.Fab)
      (effects (font (size 1 1) (thickness 0.15)) (justify mirror))
    )
    (fp_line (start -1 -0.6) (end -1 0.6) (layer B.Fab) (width 0.1))
    (fp_line (start -1 0.6) (end 1 0.6) (layer B.Fab) (width 0.1))
    (fp_line (start 1 0.6) (end 1 -0.6) (layer B.Fab) (width 0.1))
    (fp_line (start 1 -0.6) (end -1 -0.6) (layer B.Fab) (width 0.1))
    (fp_line (start -0.258578 0.71) (end 0.258578 0.71) (layer B.SilkS) (width 0.12))
    (fp_line (start -0.258578 -0.71) (end 0.258578 -0.71) (layer B.SilkS) (width 0.12))
    (fp_line (start -1.68 -0.95) (end -1.68 0.95) (layer B.CrtYd) (width 0.05))
    (fp_line (start -1.68 0.95) (end 1.68 0.95) (layer B.CrtYd) (width 0.05))
    (fp_line (start 1.68 0.95) (end 1.68 -0.95) (layer B.CrtYd) (width 0.05))
    (fp_line (start 1.68 -0.95) (end -1.68 -0.95) (layer B.CrtYd) (width 0.05))
    (fp_text user %R (at 0 0) (layer B.Fab)
      (effects (font (size 0.5 0.5) (thickness 0.08)) (justify mirror))
    )
    (pad 1 smd roundrect (at -0.9375 0) (size 0.975 1.4) (layers B.Cu B.Paste B.Mask) (roundrect_rratio 0.25)
      (net 6 VDD))
    (pad 2 smd roundrect (at 0.9375 0) (size 0.975 1.4) (layers B.Cu B.Paste B.Mask) (roundrect_rratio 0.25)
      (net 11 GND))
    (model ${KISYS3DMOD}/Capacitor_SMD.3dshapes/C_0805_2012Metric.wrl
      (at (xyz 0 0 0))
      (scale (xyz 1 1 1))
      (rotate (xyz 0 0 0))
    )
  )

  (module Capacitor_SMD:C_0805_2012Metric (layer B.Cu) (tedit 5B36C52B) (tstamp 5C27D2A6)
    (at 159.0825 80.645)
    (descr "Capacitor SMD 0805 (2012 Metric), square (rectangular) end terminal, IPC_7351 nominal, (Body size source: https://docs.google.com/spreadsheets/d/1BsfQQcO9C6DZCsRaXUlFlo91Tg2WpOkGARC1WS5S8t0/edit?usp=sharing), generated with kicad-footprint-generator")
    (tags capacitor)
    (path /5C27FB4F)
    (attr smd)
    (fp_text reference C12 (at -2.9995 0) (layer B.SilkS)
      (effects (font (size 1 1) (thickness 0.15)) (justify mirror))
    )
    (fp_text value 1u (at 0 -1.65) (layer B.Fab)
      (effects (font (size 1 1) (thickness 0.15)) (justify mirror))
    )
    (fp_text user %R (at 0 0) (layer B.Fab)
      (effects (font (size 0.5 0.5) (thickness 0.08)) (justify mirror))
    )
    (fp_line (start 1.68 -0.95) (end -1.68 -0.95) (layer B.CrtYd) (width 0.05))
    (fp_line (start 1.68 0.95) (end 1.68 -0.95) (layer B.CrtYd) (width 0.05))
    (fp_line (start -1.68 0.95) (end 1.68 0.95) (layer B.CrtYd) (width 0.05))
    (fp_line (start -1.68 -0.95) (end -1.68 0.95) (layer B.CrtYd) (width 0.05))
    (fp_line (start -0.258578 -0.71) (end 0.258578 -0.71) (layer B.SilkS) (width 0.12))
    (fp_line (start -0.258578 0.71) (end 0.258578 0.71) (layer B.SilkS) (width 0.12))
    (fp_line (start 1 -0.6) (end -1 -0.6) (layer B.Fab) (width 0.1))
    (fp_line (start 1 0.6) (end 1 -0.6) (layer B.Fab) (width 0.1))
    (fp_line (start -1 0.6) (end 1 0.6) (layer B.Fab) (width 0.1))
    (fp_line (start -1 -0.6) (end -1 0.6) (layer B.Fab) (width 0.1))
    (pad 2 smd roundrect (at 0.9375 0) (size 0.975 1.4) (layers B.Cu B.Paste B.Mask) (roundrect_rratio 0.25)
      (net 11 GND))
    (pad 1 smd roundrect (at -0.9375 0) (size 0.975 1.4) (layers B.Cu B.Paste B.Mask) (roundrect_rratio 0.25)
      (net 6 VDD))
    (model ${KISYS3DMOD}/Capacitor_SMD.3dshapes/C_0805_2012Metric.wrl
      (at (xyz 0 0 0))
      (scale (xyz 1 1 1))
      (rotate (xyz 0 0 0))
    )
  )

  (module Capacitor_SMD:C_0805_2012Metric (layer B.Cu) (tedit 5B36C52B) (tstamp 5C2819A1)
    (at 148.2875 90.17 180)
    (descr "Capacitor SMD 0805 (2012 Metric), square (rectangular) end terminal, IPC_7351 nominal, (Body size source: https://docs.google.com/spreadsheets/d/1BsfQQcO9C6DZCsRaXUlFlo91Tg2WpOkGARC1WS5S8t0/edit?usp=sharing), generated with kicad-footprint-generator")
    (tags capacitor)
    (path /5C27FB55)
    (attr smd)
    (fp_text reference C13 (at 2.9995 0 180) (layer B.SilkS)
      (effects (font (size 1 1) (thickness 0.15)) (justify mirror))
    )
    (fp_text value 100n (at 0 -1.65 180) (layer B.Fab)
      (effects (font (size 1 1) (thickness 0.15)) (justify mirror))
    )
    (fp_line (start -1 -0.6) (end -1 0.6) (layer B.Fab) (width 0.1))
    (fp_line (start -1 0.6) (end 1 0.6) (layer B.Fab) (width 0.1))
    (fp_line (start 1 0.6) (end 1 -0.6) (layer B.Fab) (width 0.1))
    (fp_line (start 1 -0.6) (end -1 -0.6) (layer B.Fab) (width 0.1))
